0.79
0.71
0.76
0.82
0.74
0.9
0.78
0.88
0.78
0.89
0.7
0.87
0.77
0.85
0.87
0.87
0.89
0.86
0.73
0.84
0.82
0.71
0.84
0.88
0.77
0.82
0.81
0.89
0.71
0.81
0.8
0.84
0.76
0.8
0.81
0.78
0.85
0.83
0.74
0.81
0.76
0.79
0.74
0.71
0.7
0.72
0.79
0.8
0.84
0.88
0.71
0.87
0.71
0.76
0.72
0.76
0.8
0.8
0.76
0.73
0.86
0.88
0.71
0.75
0.81
0.85
0.86
0.88
0.83
0.74
0.71
0.89
0.89
0.89
0.71
0.77
0.82
0.84
0.9
0.74
0.86
0.78
0.89
0.86
0.73
0.85
0.89
0.77
0.73
0.8
0.78
0.73
0.84
0.8
0.76
0.75
0.74
0.74
0.79
0.73
0.75
0.79
0.78
0.88
0.72
0.72
0.89
0.89
0.79
0.88
0.82
0.9
0.82
0.86
0.79
0.76
0.84
0.86
0.86
0.87
0.72
0.71
0.73
0.86
0.83
0.83
0.79
0.72
0.76
0.8
0.85
0.78
0.84
0.85
0.89
0.82
0.89
0.84
0.87
0.9
0.85
0.74
0.83
0.8
0.72
0.73
0.78
0.8
0.72
0.78
0.78
0.79
0.8
0.85
0.73
0.71
0.75
0.83
0.77
0.82
0.74
0.78
0.75
0.7
0.87
0.71
0.74
0.78
0.81
0.79
0.87
0.78
0.82
0.71
0.87
0.71
0.72
0.79
0.9
0.79
0.74
0.74
0.8
0.89
0.88
0.88
0.87
0.75
0.83
0.77
0.81
0.77
0.89
0.88
0.7
0.8
0.83
0.83
0.77
0.76
